1101 0100 = 212
1111 0110 = 246
1101 1000 = 216
1101 0000 = 208
0100 0000 = 64
0001 1011 = 27
0000 0001 = 1
0000 1000 = 8
0001 0010 = 18
1100 0000 = 192
0001 0110 = 22
0001 0001 = 17
0101 0100 = 84
0110 0001 = 97
0100 0001 = 65
0011 0001 = 49
0001 0100 = 20
1001 0100 = 148
1101 1000 = 216
0111 1001 = 121
1101 0011 = 211
0100 1100 = 76
1110 0000 = 224
0000 0000 = 0
1000 0101 = 133
1001 1001 = 153
0101 1001 = 89


0000 - 1
0001 - 2
0010 - 3
0100 - 4
1000 - 5
0011 - 6
0101 - 7
1001 - 8
1010 - 9
1100 - 10
0110 - 11
0111 - 12
1110 - 13
1101 - 14
1011 - 15
1111 - 16


212246216208064827001008018192022017084097065049020148216121211076224000133153089

1101 0100 1111 0110 1101 1000 1101 0000 0100 0000 0001 1011 0000 0001 0000 1000 0001 0010 1100 0000 0001 0110 0001 0001 0101 0100 0110 0001 0100 0001 0011 0001 0001 0100 1001 0100 1101 1000 0111 1001 1101 0011 0100 1100 1110 0000 0000 0000 1000 0101 1001 1001 0101 1001
110101001111011011011000110100000100000000011011000000010000100000010010110000000001011000010001010101000110000101000001001100010001010010010100110110000111100111010011010011001110000000000000100001011001100101011001

192bit
24바이트

0 21
1 14
2 15
3 3
4 6
5 2
6 6
7 4
8 6
9 4